BC_27398
BC_30512
BC_31618
BT1032
BT1241
BT1246
BT1259
BT1300
BT1332
BT1355
7774
7790
8242
8249
8403
9023
10023
10701
10800
10808
10810
11957
12335
13025
13026
13027
15112
15287
16126
16127
16128
20082
20125
20143
20204
20265
20570
20615
21202
21475
21874
21878
21897
21940
21964
21970
21971
22484
23470
23537
23587
23589
23590
23592
23602
23624
23634
23636
23653
23656
23658
23659
23667
23668
23676
23678
23700
23702
23703
23704
23710
23717
23719
23720
23722
23723
23727
23778
23779
24037
24072
24460
24496
24546
24718
24725
25517
25539
26577
26606
27104
27368
27429
27447
27597
27941
28072
28203
28349
28359
28441
28721
29405
29689
29815
30192r
30368
30371
30713
31237
31238
31239
31240
31260
33138
33142
33251
33252
33363
33489
33555
33712
33715
33805
33836
33928
33939
33967
34026
34073
34101
34132
34137
34144
34149
34151
34154
34155
34326
34327
